year	month	day	prcp	dflw	max_upflx	water_evap	eto	no3c	srpc
2007	1	1	1.02	9.43355	120	0.935265517	0.87	4.0005	0.034651
2007	1	2	0	5.06205	16.04822939	0.92797931	0.64	4.0005	0.034651
2007	1	3	0	2.035	4.129251701	0.981989655	0.94	4.37	0.034651
2007	1	4	3.04	1.35995	3.071197909	1.039317241	1.2	4.37	0.034651
2007	1	5	26.68	4.2656	7.217531513	1.036282759	0.43	4.37	0.034651
2007	1	6	0	9.74165	120	0.93007931	1.4	3.2115	0.034651
2007	1	7	2.78	7.01265	50.51846341	0.948017241	0.35	3.2115	0.034651
2007	1	8	0.74	4.19415	6.290028011	0.9737	0.74	3.2115	0.034651
2007	1	9	0	1.1527	2.833330472	0.981672414	0.67	4.06715	0.034651
2007	1	10	1.11	0.79345	2.64055794	0.9485	0.64	4.31785	0.034651
2007	1	11	0	0.70515	2.594729614	0.964624138	0.95	4.5685	0.034651
2007	1	12	9.79	0.63675	2.559502146	1.020231034	0.79	3.1525	0.034651
2007	1	13	13.83	9.1608	96.36029963	1.085475862	0.91	3.1525	0.034651
2007	1	14	20.85	10.26375	120	1.129844828	0.26	3.1525	0.034651
2007	1	15	18.17	11.3461	120	1.082210345	1.64	3.1525	0.034651
2007	1	16	0	8.12885	94.79475655	0.992431034	0.7	3.1525	0.034651
2007	1	17	0	4.103756454	47.85604286	1.100965517	0.57	3.1525	0.034651
2007	1	18	0	2.07173426	24.15957298	1.110534483	0.94	3.9944	0.034651
2007	1	19	0	1.04589122	12.19668262	1.150789655	0.52	4.0048	0.034651
2007	1	20	0	0.528006156	6.157354981	1.1155	0.65	4.0152	0.034651
2007	1	21	0	0.74915	2.908169529	1.048710345	0.57	4.0256	0.034651
2007	1	22	0	0.67785	2.885686333	1.102634483	0.49	4.036	0.034651
2007	1	23	0.92	0.6188	2.868670807	1.223389655	0.6	4.0464	0.034651
2007	1	24	0	0.7075	2.892340553	1.231417241	0.5	4.0568	0.034651
2007	1	25	0.92	0.7753	2.918050037	1.071296552	0.56	4.0672	0.034651
2007	1	26	1.2	0.7119	2.901145631	1.191024138	1.69	4.0776	0.034651
2007	1	27	0	0.63645	2.873515528	1.393237931	0.97	4.08805	0.034651
2007	1	28	0	0.64715	2.880040329	1.300334483	0.77	4.09845	0.034651
2007	1	29	0	0.6332	2.865968944	1.253496552	0.77	4.10885	0.034651
2007	1	30	0	0.7291	2.905111277	1.378144828	0.77	4.11925	0.034651
2007	1	31	0	0.67695	2.89129873	1.177765517	0.63	4.12965	0.034651
2007	2	1	0	0.56505	2.855347639	1.357827586	0.82	4.14005	0.0158
2007	2	2	0.24	0.49055	2.7857897	1.307424138	0.55	4.15045	0.0158
2007	2	3	0	0.40255	2.717536481	1.262810345	0.51	4.16085	0.0158
2007	2	4	0	0.5102	2.803077253	1.3962	0.43	4.17125	0.0158
2007	2	5	0	0.4998	2.805197425	1.331972414	0.36	4.18165	0.0158
2007	2	6	0	0.55005	2.960092606	1.296765517	0.37	4.19205	0.0158
2007	2	7	0	0.4937	2.801690987	1.306655172	0.37	4.20245	0.0158
2007	2	8	0	0.4835	2.799081545	1.294117241	0.5	4.21285	0.0158
2007	2	9	0.84	0.44765	2.780407725	1.493606897	0.52	4.22325	0.0158
2007	2	10	0	0.45985	2.791579399	1.721406897	0.52	4.23365	0.0158
2007	2	11	0	0.55915	2.858763975	1.636875862	0.98	4.24405	0.0158
2007	2	12	0	0.4513	2.789866953	1.541375862	0.79	4.25445	0.0158
2007	2	13	0	0.33065	2.711420601	1.51682069	1.03	4.26485	0.0158
2007	2	14	0	0.3555	2.74232618	1.389517241	0.79	4.2753	0.0158
2007	2	15	0	0.49325	2.837407725	1.788441379	0.65	4.2857	0.0158
2007	2	16	0	0.3095	2.698944206	1.716489655	0.77	4.2961	0.0158
2007	2	17	0	0.32585	2.727566524	1.707775862	0.67	4.3065	0.0158
2007	2	18	0	0.55635	2.874136646	1.57222069	0.78	4.3169	0.0158
2007	2	19	0	0.34725	2.756107296	1.745124138	2.59	4.3273	0.0158
2007	2	20	0	0.17530517	1.391389078	1.786855172	1.37	4.3377	0.0158
2007	2	21	0	0.088500799	0.702426777	2.018451724	1.24	4.3481	0.0158
2007	2	22	0	0.044678611	0.354612082	1.905068966	1.03	4.3585	0.0158
2007	2	23	0	0.12725	2.567738197	1.990896552	1.07	2.907	0.0158
2007	2	24	3.97	0.2317	2.651648069	2.057841379	1.12	2.907	0.0158
2007	2	25	4.24	0.90205	2.935895444	2.023555172	1.11	2.907	0.0158
2007	2	26	0	2.4211	4.343112245	1.980296552	0.48	2.907	0.0158
2007	2	27	0	2.30455	3.754676871	2.21257931	0.8	1.8365	0.0158
2007	2	28	0	2.0819	3.392614786	2.044627586	1.13	1.8365	0.0158
2007	3	1	12.54	3.2027	5.599173367	2.154172414	1.11	1.947	0.022824
2007	3	2	0	5.58635	18.48366968	2.329624138	1.29	1.947	0.022824
2007	3	3	0	4.37905	9.385143557	2.157989655	0.84	1.947	0.022824
2007	3	4	3.88	1.78705	3.268821012	1.983972414	0.89	1.947	0.022824
2007	3	5	0	0.8311	2.919629574	2.327410345	1.45	1.947	0.022824
2007	3	6	0	0.6794	2.858950311	2.329896552	0.94	1.947	0.022824
2007	3	7	0	0.66525	2.878639752	2.451141379	0.93	3.182	0.022824
2007	3	8	0	0.63415	2.870658385	2.628037931	1.55	3.182	0.022824
2007	3	9	0	0.849	2.925914115	2.722982759	2.69	3.182	0.022824
2007	3	10	0	1.65465	3.347468872	2.620982759	2.28	2.4855	0.022824
2007	3	11	0	1.44535	3.105805447	2.581224138	1.76	2.4855	0.022824
2007	3	12	0	3.02195	8.274201681	2.748510345	2.19	2.4855	0.022824
2007	3	13	0	1.2206	3.036212845	2.66077931	3.92	3.8285	0.022824
2007	3	14	8.96	1.1773	3.009024645	2.909944828	3.45	3.8285	0.022824
2007	3	15	32.59	10.3546	120	3.06502069	1.88	3.8285	0.022824
2007	3	16	0	8.2365	120	2.992644828	1.28	5.464	0.022824
2007	3	17	7.29	3.03575	6.707377451	2.946431034	1.41	5.464	0.022824
2007	3	18	0	1.3945	3.077112771	3.050631034	1.74	5.464	0.022824
2007	3	19	7.19	4.34075	7.986018908	2.912513793	1.33	5.464	0.022824
2007	3	20	0	4.8679	12.60935211	2.834527586	1.67	5.464	0.022824
2007	3	21	1.02	1.82765	3.575445525	3.167537931	4.46	5.0985	0.022824
2007	3	22	4.24	1.5618	3.194054475	3.149365517	1.38	5.0985	0.022824
2007	3	23	68.03	10.3436	120	3.003972414	0.82	5.0985	0.022824
2007	3	24	4.8	11.0858	120	3.468572414	1.88	4.7905	0.022824
2007	3	25	0	7.7654	94.09438202	3.741524138	3.7	4.7905	0.022824
2007	3	26	0	2.84695	6.3182493	3.471255172	2.54	4.7905	0.022824
2007	3	27	0	1.3021	3.052008215	3.533703448	3.36	4.7905	0.022824
2007	3	28	0.16	0.9487	2.961638536	3.427734483	1.83	4.7905	0.022824
2007	3	29	0.46	0.79495	2.918991038	3.907906897	2.76	4.7905	0.022824
2007	3	30	0.46	0.8361	2.93179537	3.487251724	3.83	5.5485	0.022824
2007	3	31	4.14	0.9195	2.961974608	3.502603448	2.8	5.5485	0.022824
2007	4	1	8.49	0.9159	2.950111277	3.982734483	3.54	5.5485	0.028974
2007	4	2	0	1.0725	3.238178988	3.882989655	3.99	5.5485	0.028974
2007	4	3	7.36	1.1866	3.422031128	3.868713793	3.86	5.8625	0.028974
2007	4	4	0	1.05175	3.277809339	4.103944828	1.93	5.8625	0.028974
2007	4	5	0	0.85435	3.064342046	4.021624138	1.06	5.8625	0.028974
2007	4	6	0	1.03525	3.20140856	3.940089655	0.9	6.047	0.028974
2007	4	7	0	1.00445	3.180163424	3.766124138	0.76	6.047	0.028974
2007	4	8	0	0.77825	3.042967886	4.025413793	0.99	6.047	0.028974
2007	4	9	0	0.71155	3.020988798	4.130755172	1.32	6.047	0.028974
2007	4	10	0	0.7445	3.028651232	3.834972414	2.49	5.9395	0.028974
2007	4	11	24.63	3.3799	7.389572829	4.250803448	1.53	5.9395	0.028974
2007	4	12	1.5	8.78565	120	4.63717931	1.02	5.9395	0.028974
2007	4	13	0	4.676209476	63.87064556	3.992744828	2.47	5.9395	0.028974
2007	4	14	9.66	1.376845782	7.00795054	3.95447931	0.74	5.686	0.028974
2007	4	15	3.3	1.605123631	8.963482578	4.332503448	2.77	5.686	0.028974
2007	4	16	0	0.854335687	4.770861823	4.370665517	3.14	5.686	0.028974
2007	4	17	0	0.454724766	2.539316871	4.728996552	4	5.686	0.028974
2007	4	18	0	0.242029703	1.351565065	4.456906897	1.88	6.2765	0.028974
2007	4	19	0	0.128821611	0.719377777	4.68057931	2.84	6.2765	0.028974
2007	4	20	0	0.068565996	0.382892692	4.396965517	3.92	6.2765	0.028974
2007	4	21	0	0.47725	2.73588412	4.551341379	4.1	6.276	0.028974
2007	4	22	0	0.48545	2.749828326	4.6701	5.39	6.276	0.028974
2007	4	23	0	0.49385	2.762793991	4.862917241	4.49	6.276	0.028974
2007	4	24	0	0.4536	2.723815451	5.376148276	3.9	6.276	0.028974
2007	4	25	24.13	0.61105	2.844012876	5.095448276	1.14	5.673	0.028974
2007	4	26	24.89	5.46445	10.13045296	5.000334483	2.73	5.673	0.028974
2007	4	27	0.25	9.75495	120	5.319051724	1.19	5.673	0.028974
2007	4	28	0	5.7996	25.11293983	5.211313793	4.09	5.764	0.028974
2007	4	29	0	1.53505	3.163003891	5.343627586	4.95	5.764	0.028974
2007	4	30	0	0.9121	2.94070127	5.023206897	5.46	5.764	0.028974
2007	5	1	0	0.7149	2.887299477	4.911882759	5.13	6.441	0.056604
2007	5	2	0	0.58355	2.832596567	5.166341379	3.2	6.441	0.056604
2007	5	3	0	0.53465	2.787012876	5.137803448	4.48	6.441	0.056604
2007	5	4	0	0.51645	2.773802575	5.115089655	3.53	6.441	0.056604
2007	5	5	12.19	0.487	2.753497854	5.098141379	2.15	6.441	0.056604
2007	5	6	0	0.42205	2.690871245	5.544682759	3.69	6.441	0.056604
2007	5	7	0	0.4374	2.705386266	5.388434483	4.93	6.441	0.056604
2007	5	8	0	0.4521	2.725690987	5.384231034	4.57	6.248	0.056604
2007	5	9	3.81	0.45815	2.733193133	5.426886207	2.66	6.248	0.056604
2007	5	10	0	0.45375	2.731236052	5.754658621	4.39	6.248	0.056604
2007	5	11	0	0.4304	2.708974249	5.632251724	4.6	6.248	0.056604
2007	5	12	0	0.43545	2.68548927	5.796524138	4.81	6.248	0.056604
2007	5	13	0	0.3864	2.660781116	5.265155172	4.37	6.3385	0.056604
2007	5	14	0	0.42665	2.702287554	4.793896552	6.08	6.3385	0.056604
2007	5	15	0	0.50595	2.505682403	5.358531034	6.29	6.3385	0.056604
2007	5	16	9.65	0.29445	2.495407725	5.491486207	2.8	6.2055	0.056604
2007	5	17	1.01	0.27825	2.481708155	5.580810345	2.39	6.2055	0.056604
2007	5	18	0	0.2738	2.476815451	5.781337931	4.47	6.2055	0.056604
2007	5	19	0	0.28385	2.485133047	5.42812069	4.65	8.096	0.056604
2007	5	20	0.25	0.28665	2.48806867	5.557665517	4.84	8.096	0.056604
2007	5	21	0	0.27265	2.47632618	5.559248276	5.9	8.096	0.056604
2007	5	22	0	0.4601	2.470454936	5.625437931	6.1	8.096	0.056604
2007	5	23	0	0.46455	2.769888412	5.852251724	6.17	8.096	0.056604
2007	5	24	0	0.49065	2.776248927	5.765541379	5.72	8.096	0.056604
2007	5	25	10.92	0.51275	2.806257511	5.616386207	3.88	7.927	0.056604
2007	5	26	0	0.54605	2.832596567	5.337113793	3.65	7.927	0.056604
2007	5	27	0	0.5454	2.834716738	5.263710345	2.65	7.927	0.056604
2007	5	28	8.13	0.5193	2.812291845	5.470572414	3.13	7.927	0.056604
2007	5	29	0	0.50395	2.800467811	5.605841379	4.19	7.927	0.056604
2007	5	30	0	0.5133	2.808133047	5.680610345	5.23	9.4095	0.056604
2007	5	31	0	0.51665	2.81172103	5.845568966	4.94	9.4095	0.056604
2007	6	1	0	0.5604	2.828437768	5.873731034	5.02	9.4095	0.05173
2007	6	2	0	0.55875	2.847193133	5.701944828	4.85	9.5975	0.05173
2007	6	3	9.4	0.6163	2.870223602	5.656637931	3.82	9.5975	0.05173
2007	6	4	1.78	0.6015	2.866993789	5.568103448	3.62	9.5975	0.05173
2007	6	5	1.27	0.5053	2.812454936	5.464775862	4.14	9.5975	0.05173
2007	6	6	0	0.1405	2.296414169	5.960796552	5.13	9.698	0.05173
2007	6	7	0	0.3205	2.657845494	6.100393103	7.13	9.698	0.05173
2007	6	8	3.3	0.380032512	0	5.938651724	5.66	9.698	0.05173
2007	6	9	0	0.202274349	0	6.226462069	5.38	9.695	0.05173
2007	6	10	0	0.10766161	0	6.311606897	4.96	9.695	0.05173
2007	6	11	0	0.057303471	0	5.60867931	5.8	9.695	0.05173
2007	6	12	0	0.030500081	0	5.981124138	5.89	9.695	0.05173
2007	6	13	0	0.016233832	0	5.819827586	5.93	9.5395	0.05173
2007	6	14	0	0.008640544	0	6.227586207	5.96	9.5395	0.05173
2007	6	15	0	0.004598976	0	6.025331034	5.64	9.5395	0.05173
2007	6	16	0	0.2103	2.356479564	6.12167931	5.54	9.68835	0.05173
2007	6	17	4.82	0.12775	2.320512262	6.399789655	5.16	9.67615	0.05173
2007	6	18	0	0.06905	2.30252861	6.270624138	6.26	9.664	0.05173
2007	6	19	4.57	0.03765	2.290659401	6.444013793	4.02	9.6518	0.05173
2007	6	20	0	0.005	2.277711172	6.330824138	5.7	9.63965	0.05173
2007	6	21	0	0.0033	2.274474114	6.158472414	6.11	9.6275	0.05173
2007	6	22	5.33	0.00025	2.265122616	6.285044828	2.01	9.6153	0.05173
2007	6	23	12.7	0.1833	2.623841202	6.392686207	1.25	9.60315	0.05173
2007	6	24	1.01	0.32155	2.757656652	6.165096552	2.62	9.591	0.05173
2007	6	25	0	0.21545	2.651484979	6.454565517	5.07	9.5788	0.05173
2007	6	26	0	0.17025	2.586167382	6.572682759	5.49	9.56665	0.05173
2007	6	27	5.59	0.17355	2.574914163	6.568989655	4.78	9.55445	0.05173
2007	6	28	4.57	0.1802	2.567085837	6.061803448	2.82	9.5423	0.05173
2007	6	29	0.25	0.1503	2.525497854	6.179558621	3.93	9.53015	0.05173
2007	6	30	0	0.13165	2.488802575	6.051151724	4.02	9.51795	0.05173
2007	7	1	0	0.1064	2.436450644	6.233789655	4.93	9.5058	0.045277
2007	7	2	0	0.08005	2.38333515	5.931048276	4.99	9.49365	0.045277
2007	7	3	0	0.0694	2.355760218	6.321286207	5.18	9.48145	0.045277
2007	7	4	6.61	0.0675	2.340294278	5.782403448	4.53	9.4693	0.045277
2007	7	5	1.02	0.05025	2.312059946	6.000731034	4.62	9.4571	0.045277
2007	7	6	0	0.02325	2.262724796	6.408324138	5	9.44495	0.045277
2007	7	7	0	0.0031	2.22106267	6.528527586	5	9.4328	0.045277
2007	7	8	0	0	2.178741144	6.128110345	5.98	9.4206	0.045277
2007	7	9	0	0	2.122572207	6.216331034	5.92	9.40845	0.045277
2007	7	10	0	0	2.064964578	6.178751724	5.53	9.39625	0.045277
2007	7	11	0	0	2.013351499	6.157955172	5.63	9.3841	0.045277
2007	7	12	0	0	1.952686649	6.160731034	5.14	9.37195	0.045277
2007	7	13	1.27	0	1.899874659	6.201513793	5.2	9.35975	0.045277
2007	7	14	0	0	1.859038835	5.880431034	6.23	9.3476	0.045277
2007	7	15	0	0	1.818262136	6.156165517	4.86	9.33545	0.045277
2007	7	16	0	0	1.773683389	6.175034483	4.89	9.32325	0.045277
2007	7	17	2.8	0	1.741186176	6.040127586	2.1	9.3111	0.045277
2007	7	18	1.78	0	1.718499443	5.960731034	4.23	9.2989	0.045277
2007	7	19	13.7	0	1.729495355	5.813448276	3.06	9.28675	0.045277
2007	7	20	0	0	1.680810851	5.844089655	4.96	9.2746	0.045277
2007	7	21	0	0	1.655589744	5.498306897	4.74	9.2624	0.045277
2007	7	22	0	0	1.631758454	5.965872414	4.64	9.25025	0.045277
2007	7	23	0	0	1.615571163	5.582313793	3.56	9.23805	0.045277
2007	7	24	0	0	1.596236343	5.958851724	4.5	9.2259	0.045277
2007	7	25	7.36	0	1.556136009	5.866858621	3.7	9.21375	0.045277
2007	7	26	0	0	1.540684504	5.726772414	3.53	9.20155	0.045277
2007	7	27	1.78	0	1.528257897	5.607672414	2.84	9.1894	0.045277
2007	7	28	0	0	1.501769602	5.659910345	3.05	9.17725	0.045277
2007	7	29	0	0	1.482843553	6.055948276	5.03	9.16505	0.045277
2007	7	30	0	0	1.464571535	5.980775862	5.24	9.1529	0.045277
2007	7	31	0	0	1.434363434	6.13417931	5.05	9.1407	0.045277
2007	8	1	0	0	1.401866221	5.967286207	4.86	9.12855	0.055845
2007	8	2	0	0	1.378443701	6.10082069	4.6	9.1164	0.055845
2007	8	3	0.25	0	1.27157346	5.807065517	4.94	9.1042	0.055845
2007	8	4	0.76	0	1.320439242	5.549151724	3.38	9.09205	0.055845
2007	8	5	0.76	0	1.306009662	5.599637931	2.85	9.0799	0.055845
2007	8	6	1.26	0	1.284590115	5.571651724	4.78	9.0677	0.055845
2007	8	7	0	0	1.265175355	5.567848276	5.32	9.05555	0.055845
2007	8	8	0	0	1.238090047	5.656065517	5.27	9.04335	0.055845
2007	8	9	0.25	0	1.239476303	5.703124138	4.73	9.0312	0.055845
2007	8	10	0	0	1.204464455	5.488258621	5.29	9.01905	0.055845
2007	8	11	0	0	1.193015598	5.478910345	4.31	9.00685	0.055845
2007	8	12	0	0	1.179042461	5.628396552	4.7	8.9947	0.055845
2007	8	13	0	0	1.172261698	5.696731034	4.89	8.9825	0.055845
2007	8	14	0	0	1.159761698	5.564834483	3.54	8.97035	0.055845
2007	8	15	0	0	1.148843154	5.261193103	3.22	8.9582	0.055845
2007	8	16	54.86	0	1.681260498	5.450506897	3.51	8.946	0.055845
2007	8	17	0	0	1.606455593	5.477493103	4.73	8.93385	0.055845
2007	8	18	0	0	1.493103679	5.331613793	3.12	8.9217	0.055845
2007	8	19	2.29	0	1.435957637	5.115434483	3.24	8.9095	0.055845
2007	8	20	64.01	0.53665	1.783616499	5.16727931	2.81	8.89735	0.055845
2007	8	21	23.62	2.3082	3.021896191	5.1883	2.25	8.88515	0.055845
2007	8	22	0	2.1067	3.643707483	5.124344828	4.81	11.1065	0.055845
2007	8	23	0	0.2368	2.606553648	5.175606897	5.3	8.5655	0.055845
2007	8	24	7.62	0	2.302588556	5.095913793	5.26	8.5655	0.055845
2007	8	25	1.01	0	2.131384196	5.204944828	2.76	7.382	0.055845
2007	8	26	0	0	2.010354223	5.125713793	4.16	7.382	0.055845
2007	8	27	0	0	1.921455041	4.922910345	3.99	7.382	0.055845
2007	8	28	0	0	1.828601942	4.854682759	4.38	7.382	0.055845
2007	8	29	0.25	0	1.766251951	4.934272414	4.47	7.382	0.055845
2007	8	30	4.06	0	1.715801561	4.989213793	1.83	6.468	0.055845
2007	8	31	0	0	1.664051282	4.952010345	3.43	6.468	0.055845
2007	9	1	0	0	1.640015608	4.969303448	3.86	6.7995	0.046019
2007	9	2	0	0	1.597340022	4.804689655	3.71	6.7995	0.046019
2007	9	3	0	0	1.574040134	4.952458621	3.99	6.7995	0.046019
2007	9	4	0	0	1.542416054	4.864072414	3.94	6.7995	0.046019
2007	9	5	0	0	1.501769602	5.085268966	3.9	6.6065	0.046019
2007	9	6	0	0	1.479287254	4.577555172	3.11	6.6065	0.046019
2007	9	7	6.85	0	1.449079153	4.776962069	3.12	6.6065	0.046019
2007	9	8	29.72	0.07285	1.528993683	4.433803448	2.18	6.6065	0.046019
2007	9	9	3.8	0.018	2.156861035	4.3646	3	10.508	0.046019
2007	9	10	0	0.0024	2.270577657	4.582568966	2.49	10.508	0.046019
2007	9	11	0.25	0	2.230234332	4.67417931	3.05	10.508	0.046019
2007	9	12	0	0	2.105008174	4.564537931	2.95	7.2525	0.046019
2007	9	13	0	0	2.028697548	4.359965517	3.43	7.2525	0.046019
2007	9	14	0	0	1.959760218	4.368203448	3.84	7.2525	0.046019
2007	9	15	0	0	1.852776699	4.278637931	2.64	7.0145	0.046019
2007	9	16	0	0	1.823650485	4.056648276	2.58	7.0145	0.046019
2007	9	17	0	0	1.78239019	3.998262069	3.26	7.0145	0.046019
2007	9	18	0	0	1.762278707	4.292441379	3.67	7.0145	0.046019
2007	9	19	0	0	1.729331847	4.363341379	3.5	6.848	0.046019
2007	9	20	0	0	1.702230398	4.177075862	3.11	6.848	0.046019
2007	9	21	0	0	1.681955407	4.035562069	3.48	6.848	0.046019
2007	9	22	0	0	1.651542921	3.739427586	3.57	6.646	0.046019
2007	9	23	0	0	1.628038647	3.887375862	3.12	6.646	0.046019
2007	9	24	0	0	1.600569305	3.612906897	3.86	6.646	0.046019
2007	9	25	7.12	0	1.588142698	3.552589655	3.1	6.646	0.046019
2007	9	26	4.31	0	1.577923449	3.555475862	1.37	6.4415	0.046019
2007	9	27	0	0	1.564924563	3.606831034	2.55	6.4415	0.046019
2007	9	28	0	0	1.554296544	3.505675862	3.13	6.4415	0.046019
2007	9	29	0	0	1.536392419	3.725106897	2.64	6.396	0.046019
2007	9	30	0	0	1.513215162	3.703572414	3.97	6.396	0.046019
2007	10	1	1.01	0	1.511253066	3.916755172	2.75	6.396	0.03243
2007	10	2	0	0	1.506715719	3.6328	3.47	6.396	0.03243
2007	10	3	6.35	0	1.490978075	3.660655172	2.09	6.308	0.03243
2007	10	4	0	0	1.494697882	3.311813793	2.93	6.308	0.03243
2007	10	5	0	0	1.475894463	3.2272	2.89	6.308	0.03243
2007	10	6	0	0	1.464612412	3.265827586	3.02	6.2175	0.03243
2007	10	7	0	0	1.450795987	3.293989655	2.41	6.2175	0.03243
2007	10	8	0	0	1.4541479	2.812748276	3.3	6.2175	0.03243
2007	10	9	0.51	0	1.386537347	2.834310345	3.19	6.2175	0.03243
2007	10	10	0	0	0.715876991	2.832437931	1.65	6.2175	0.03243
2007	10	11	0	0	0.369611296	2.884413793	1.69	5.997	0.03243
2007	10	12	0	0	0.190832381	2.812293103	1.73	5.997	0.03243
2007	10	13	0	0	0.098527826	2.715148276	2.01	5.997	0.03243
2007	10	14	0	0	0.050870468	2.744910345	1.66	5.997	0.03243
2007	10	15	0	0	0.026264707	2.520196552	2.91	5.997	0.03243
2007	10	16	5.59	0	6.529071547	2.623796552	1.47	5.997	0.03243
2007	10	17	0	0	3.370996176	2.271272414	2.49	5.997	0.03243
2007	10	18	19.81	0	13.7013386	2.439203448	2.84	21.0505	0.03243
2007	10	19	0.25	0	11.76797636	2.276913793	2.27	21.0505	0.03243
2007	10	20	0	0	1.488239316	2.212610345	2.91	21.0505	0.03243
2007	10	21	0	0	1.455864734	2.202682759	3.3	21.0505	0.03243
2007	10	22	9.65	0	1.423694537	2.228572414	1.95	21.0505	0.03243
2007	10	23	10.65	0	1.642304719	2.246331034	0.99	21.0505	0.03243
2007	10	24	0	0	1.795143813	2.006948276	0.82	21.0505	0.03243
2007	10	25	0	0	1.834427184	2.04622069	2.38	16.0775	0.03243
2007	10	26	2.03	0	1.872	2.008075862	2.5	16.0775	0.03243
2007	10	27	0.5	0	1.889264305	1.949668966	1.16	15.4635	0.03243
2007	10	28	0	0	1.831805825	2.128972414	1.23	15.4635	0.03243
2007	10	29	0	0	1.860349515	2.075093103	1.65	15.4635	0.03243
2007	10	30	0	0	1.899215259	2.027786207	2.1	15.4635	0.03243
2007	10	31	0	0	1.928948229	2.021437931	2.49	15.4635	0.03243
2007	11	1	0	0	1.939978202	2.001862069	1.57	15.4635	0.029649
2007	11	2	0	0	1.894239782	2.014106897	1.36	15.4635	0.029649
2007	11	3	0	0	1.919836512	1.848306897	1.45	15.5555	0.029649
2007	11	4	0	0	1.919057221	1.825668966	1.73	15.5555	0.029649
2007	11	5	0	0	1.92972752	1.708955172	2.7	15.5555	0.029649
2007	11	6	0	0	1.886386921	1.641313793	0.88	15.5555	0.029649
2007	11	7	0	0	1.816951456	1.500396552	0.94	15.5555	0.029649
2007	11	8	0	0	1.823893204	1.654	1.33	15.5555	0.029649
2007	11	9	0	0	1.835252427	1.710531034	1.4	15.5555	0.029649
2007	11	10	0	0	1.800786408	1.804617241	1.15	15.5555	0.029649
2007	11	11	39.62	2.91405	2.96432711	1.682086207	0.87	15.5555	0.029649
2007	11	12	14.98	3.8631	7.70977591	1.401372414	1.97	15.5555	0.029649
2007	11	13	1.27	7.839	84.51132	1.628886207	1.39	20.785	0.029649
2007	11	14	0	2.14095	4.412840136	1.403958621	1.91	20.785	0.029649
2007	11	15	0	0.667	2.876062112	1.449496552	0.76	20.785	0.029649
2007	11	16	0	0.39625	2.66616309	1.409237931	0.74	11.3675	0.029649
2007	11	17	0	0.3359	2.611609442	1.351958621	0.81	11.3675	0.029649
2007	11	18	0	0.1877	2.472901288	1.174786207	0.48	11.3675	0.029649
2007	11	19	0.5	0.1215	2.428540773	1.23192069	1.81	11.3675	0.029649
2007	11	20	0	0.10725	2.430334764	1.458158621	0.79	11.3675	0.029649
2007	11	21	18.03	0.2615	2.499321888	1.360855172	2.05	13.6661	0.029649
2007	11	22	7.87	7.27185	42.55381944	1.172482759	0.98	14.17115	0.029649
2007	11	23	0	2.70545	5.759613065	1.234689655	0.52	14.67625	0.029649
2007	11	24	0	0.86205	2.938214339	1.342127586	0.64	15.18135	0.029649
2007	11	25	7.62	0.65355	2.863173913	1.118189655	0.61	15.6864	0.029649
2007	11	26	10.41	3.8616	7.051460084	1.260686207	0.2	16.1915	0.029649
2007	11	27	0	3.85705	8.681239496	1.272793103	1.1	13.5475	0.029649
2007	11	28	0	1.1286	3.008554145	1.238634483	1.62	13.5475	0.029649
2007	11	29	0	0.6431	2.869447205	1.057510345	1.61	13.5475	0.029649
2007	11	30	0	0.4545	2.728055794	1.069724138	1.12	13.5475	0.029649
2007	12	1	0	0.36545	2.635094421	1.156627586	0.86	12.887	0.030505
2007	12	2	21.69	1.9382	2.990540702	1.142527586	2.12	12.887	0.030505
2007	12	3	0	5.2768	18.41448416	1.1329	0.44	12.887	0.030505
2007	12	4	0	1.2014	3.01561165	1.02592069	0.46	12.887	0.030505
2007	12	5	2.68	0.70185	2.882628081	0.876286207	0.88	13.4015	0.030505
2007	12	6	0.84	0.48775	2.749094421	0.981531034	0.55	13.4015	0.030505
2007	12	7	4.06	0.4567	2.72927897	0.971034483	0.48	13.4015	0.030505
2007	12	8	0	0.38435	2.661025751	0.9008	0.4	13.4015	0.030505
2007	12	9	7.48	1.19225	2.966545183	1.014237931	0.17	13.4015	0.030505
2007	12	10	0.28	1.94705	3.590562257	0.898334483	0.36	13.4015	0.030505
2007	12	11	12.65	6.5665	21.27624887	0.958068966	1.58	12.345	0.030505
2007	12	12	7.11	11.6048	120	0.936365517	0.41	12.345	0.030505
2007	12	13	13.29	11.2003	120	0.797993103	0.45	12.345	0.030505
2007	12	14	0	7.97405	105.1149813	0.855086207	0.31	12.345	0.030505
2007	12	15	0.74	3.12575	7.017811625	1.01397931	0.2	14.0615	0.030505
2007	12	16	1.02	1.63355	3.291700389	1.143044828	0.83	14.0615	0.030505
2007	12	17	2.22	1.05765	2.989230022	0.948768966	0.38	14.0615	0.030505
2007	12	18	3.32	0.86365	2.92288947	0.851675862	0.96	14.0615	0.030505
2007	12	19	0	0.93845	2.947187453	0.871093103	0.92	13.8433	0.030505
2007	12	20	1.12	0.9298	2.94806124	0.953806897	0.78	13.62515	0.030505
2007	12	21	0	1.28055	2.998169529	0.972424138	0.52	13.407	0.030505
2007	12	22	0	6.52365	32.27846154	0.968341379	1.1	13.1888	0.030505
2007	12	23	7.1	9.2828	120	0.970558621	2.58	12.9706	0.030505
2007	12	24	0.92	3.4964	7.736911765	0.98262069	0.65	12.75245	0.030505
2007	12	25	0	1.0657	2.9788118	0.847093103	0.51	12.53425	0.030505
2007	12	26	0	1.03045	2.982743839	0.831365517	0.65	12.31605	0.030505
2007	12	27	0	1.34515	3.065518297	0.850155172	0.24	12.09795	0.030505
2007	12	28	4.61	2.3521	4.362244898	1.00362069	0.55	11.87975	0.030505
2007	12	29	0.28	2.54745	5.5095	1.009448276	0.53	11.66155	0.030505
2007	12	30	0.28	1.12355	3.008486931	0.879134483	0.36	11.4434	0.030505
2007	12	31	1.38	0.8041	2.914756535	0.964624138	0.78	11.2252	0.030505
